1261.40841206
1260.06217827
1258.68828944
1256.91501089
1254.27846221
1249.44056629
1237.97242193
1199.03765386
1055.89146081
1029.4785704
1013.07468403
1011.02568065
1012.65765792
1008.63783333
1008.75226178
1009.3306231
1001.30569209
999.242649319
1003.56781157
995.05269528
999.58008345
1007.34724584
998.539093449
998.078821717
995.539324501
1005.18610591
1003.41507398
1001.76819237
995.490732357
996.229450649
1000.29090549
1000.57589223
999.066683875
996.699882924
999.033515572
997.939683718
1002.24218709
1000.28308306
996.479640579
997.664664808
1002.12642095
994.367752246
992.408428518
1003.60975813
1006.64204332
998.865121014
998.35505341
993.539513964
1000.28725439
998.487849712
991.747630328
992.222848456
994.039382072
994.562516386
999.60501592
986.767849075
993.781594888
990.272001448
991.386959848
988.663488996
991.478946725
992.006393317
988.378748839
985.301427985
983.749344703
984.948877746
989.024500154
983.607879303
990.107569614
974.214944365
979.83146343
981.673273584
982.439262315
980.63232054
978.498473813
979.321706969
980.018715694
973.874295708
977.254156294
971.491563775
967.395309457
969.638513777
968.882810258
968.263176708
968.479522841
964.746355367
964.752773229
968.018591252
967.824308827
964.956369691
969.047638475
964.941105859
959.982168158
960.865599871
958.60980477
956.131726567
961.328425548
952.827619178
954.360438847
955.266681362
952.203777319
951.418823261
949.51732549
953.803620282
949.96149278
949.587670142
950.132214165
946.310407191
949.459683682
946.915169796
954.025860601
950.576241964
952.300615308
943.073287727
943.793401081
942.513869686
943.871939862
941.206495815
941.364482565
939.99035352
938.186315852
938.645618779
938.91109325
939.714922322
943.555905234
933.798122213
937.293584819
935.401923386
932.452022155
933.393991292
936.037113399
931.030516964
931.192730285
931.456488086
931.024052614
927.83511148
934.046025688
933.049684122
935.007709461
925.519899507
923.773288442
921.838506646
921.571185202
919.442993097
921.723635749
915.678912879
914.470229187
914.671377332
913.484286035
921.624527776
923.627692962
918.885854824
910.111369895
907.882298644
907.455699691
906.339642402
902.124223318
902.263367304
902.818990502
906.904429244
907.614450273
898.98880621
898.459983809
895.235593404
894.519471639
886.490717579
895.114839899
890.737792784
890.675520485
893.313595912
893.593877718
887.680923303
889.162728962
887.009981106
885.031363693
883.655735905
880.751605516
883.344898991
880.724135564
880.016968561
880.588666114
874.549394221
880.667860108
882.715965974
876.552414053
871.689602674
876.76512053
875.93987843
871.584269258
871.788920551
874.801571325
871.772925509
870.56012652
868.314058698
871.842450888
869.402966611
869.527742145
865.50516061
864.228854326
865.253467859
860.078692788
866.663617621
859.367642723
860.465029676
865.063058546
866.024180304
868.120378584
862.492685483
865.733873817
855.163209171
855.911243195
856.060795857
856.81073368
857.52422816
859.32804899
862.762556559
860.993750987
854.983880487
857.851908373
852.214219451
849.569702542
853.014762647
850.374966669
848.809227945
851.02230798
849.311758761
857.262568753
857.643577307
857.329358069
852.78091015
849.900494103
848.935635625
843.65053738
844.262407321
841.486792719
844.029879425
847.953676967
850.622916868
852.954728708
850.694242043
846.447251956
844.945674176
842.282142823
840.132758597
842.026860087
836.652150226
837.907262258
841.527335824
846.147418592
844.861284933
841.527529762
845.914747596
845.808920944
838.779981472
841.354013337
834.876221446
835.559035354
836.326992841
836.04577024
840.40529963
836.250313849
839.501043149
837.588060649
838.369879272
839.962591163
839.903883926
831.608580696
834.401690079
832.349343782
838.751155597
834.706292407
837.945098674
837.356505804
835.349262497
834.348160676
834.980167605
834.671510495
827.264141678
828.968753149
829.935988832
833.413002276
836.891970654
839.57457552
833.001510025
834.588048547
830.872238395
833.894909586
821.933757074
826.937437903
829.460670574
824.669185192
823.618287792
827.199913229
831.824881364
828.054308844
833.664217992
833.949675966
828.633456799
822.36395387
822.028202086
824.592781871
817.598519454
824.150103909
826.338355783
826.002179082
827.395779496
819.856557732
825.80813228
818.977090301
816.016756214
822.288372397
823.288902911
823.649658058
825.854761819
830.441664564
827.234217166
813.770224969
817.863493946
825.188572492
830.357740528
817.008506212
816.430723407
812.436406535
818.488814964
814.499801445
815.424683264
819.505488351
826.091683261
827.117544388
821.017326136
813.819110983
811.709139469
810.032670076
811.055518797
812.038850965
814.477318085
812.535802822
807.871969295
815.860557529
815.832390887
832.148805686
830.108667187
816.271756169
808.383896792
809.166540204
809.363046952
809.100761887
810.275482702
807.604279865
799.57045243
804.99974135
810.84553841
820.581995925
832.714742494
824.352782078
806.913085278
805.575304875
807.412206884
802.871480082
804.488770339
806.520343855
811.159137561
811.370732245
819.277795203
814.330344272
811.856404584
807.429490828
808.472555751
811.056814888
804.073208749
804.130395292
808.908495318
807.242687181
811.021650237
808.149178512
811.382574165
803.462875629
804.676526118
802.67634297
796.685106514
802.252402087
804.341513601
808.041760248
807.342591417
805.91213225
806.651056567
800.322591284
804.552149143
804.996466525
807.969006303
804.136034696
797.601247128
798.207917667
808.607051466
804.399903381
806.978543491
806.201400539
804.240896466
797.330134788
793.850510445
798.088475591
796.960723718
801.899970228
800.981987841
796.712733835
794.01160061
798.545649548
801.877889669
795.473779813
794.924337867
789.811928182
825.889243038
820.357166557
803.469483832
798.39648128
792.088195112
791.986769279
791.606096308
791.468259997
793.129671717
791.720463643
794.77980484
795.912599933
802.690512447
797.714343312
796.23801319
800.638078247
801.375503469
795.843545293
796.290665476
790.219939894
791.512285967
790.579677141
790.118344417
790.37825741
795.615101839
789.72329514
795.277621539
788.677168877
801.663446838
793.018625275
792.185807886
793.569885604
792.882340861
783.957403762
790.759499261
789.449181569
791.763954084
787.301781879
786.669393934
787.456523559
785.596180117
789.677024078
786.699980495
787.67056758
795.248635985
794.705698072
795.909722078
791.70230808
786.355758132
783.650889728
783.23207712
784.279124853
781.43839665
780.279484939
782.708970178
783.241098512
780.7246629
782.794652116
790.311360984
798.947490811
797.211530551
787.020097586
781.067417745
776.882638771
778.798952328
780.557312094
782.159290173
780.847598248
780.030231707
785.424209296
785.235718322
788.099793644
781.899714421
787.476780467
777.367455227
782.410114759
776.739754831
782.923295972
779.804547453
775.179009448
772.300167227
774.051218305
774.20369553
779.473879546
775.58183655
777.13535486
773.572356759
784.262199586
787.864662105
783.009568852
783.632288001
772.909581919
770.662327363
772.416795148
763.874465092
772.814699284
771.51044741
768.820747178
772.335176733
770.734455315
775.028923379
778.861025037
778.352179471
789.834060143
780.659742866
774.610927988
772.435894169
770.884026017
765.657690409
774.875535082
769.795800348
770.442663498
770.156543947
776.10285099
773.050274016
775.872199609
765.238428537
767.453229651
767.250475972
765.556461241
765.415567629
765.816311919
774.822051545
767.502870619
780.706724461
771.006150223
776.218504814
766.214489936
768.840740385
761.288471739
762.019390677
761.231262259
765.27122576
761.135112788
762.602895111
764.843401935
762.312508146
767.604455706
771.25961789
774.623893333
771.979904957
769.468567962
762.844930385
757.802956346
763.698551009
761.377516824
759.580171804
762.581571761
756.929841659
766.301127775
758.357011986
760.128777861
757.859310175
763.572042066
766.42640837
780.118112087
764.540018489
755.440518187
755.353241323
760.509627473
751.034224495
758.323799749
756.786162963
763.589333989
756.212518565
759.233160188
746.921457396
757.744002467
757.514844759
761.267810772
751.997376635
754.962678777
758.133011902
756.318186301
747.266907697
757.451576956
752.895028755
754.122969897
752.719886489
758.780025358
762.565670653
759.76330231
757.003815081
